%YAML:1.0
---
K: !!opencv-matrix
   rows: 3
   cols: 3
   dt: d
   data: [ 1.1074698151168973e+03, 0., 9.9552519781648857e+02, 0.,
       1.1241674862922000e+03, 5.4629877445023601e+02, 0., 0., 1. ]
D: !!opencv-matrix
   rows: 4
   cols: 1
   dt: d
   data: [ -1.0364545969175058e-01, -8.0709998495673896e-02,
       4.5663939845571044e-03, 2.5845512445556379e-01 ]
